18 16
 112  112  112  112  112  112  112  112  112  112  112  112  112  112  112  112 
 112  112  112  112  112  112  112  112  112  112  112  112  112  112  112  112 
 112  112  112  112  112  112  112  112  112  112  112  112  112  112  112  112 
 112  112  112  112  112  112  112  112  112  112  112  112  112  112  112  112 
 112  112  112  112  112  112  112  112  112  112  112  112  112  112  112  112 
 112  112  112  112  112  112  112  112  112  112  112  112  112  112  112  112 
 112  112  112  112  112  112  112  112  112  112  112  112  112  112  112  112 
 112  112  112  112  112  112  112  112  112  112  112  112  112  112  112  112 
 112  112  112  112  112  112  112  112  112  112  112  112  112  112  112  112 
 112  112  112  112  0  112  112  112  112  112  112  112  112  112  112  112 
 112  112  112  112  112  112  112  112  112  112  112  112  112  112  112  112 
 112  112  112  112  112  112  112  112  112  112  112  112  112  112  112  112 
 112  112  112  112  112  112  112  112  112  112  112  112  112  112  112  112 
 112  112  112  112  112  112  112  112  112  112  112  112  112  112  112  112 
 112  112  112  112  112  112  112  112  112  112  112  112  112  112  112  112 
 112  112  112  112  112  112  112  112  112  112  112  112  112  112  112  112 
 112  112  112  112  112  112  112  112  112  112  112  112  112  112  112  112 
 112  112  112  112  112  112  112  112  112  112  112  112  112  112  112  112 